\!
00011000
00111100
00111100
00011000
00011000
00000000
00011000
00000000
\"
01101100
01101100
00000000
00000000
00000000
00000000
00000000
00000000
\#
01101100
01101100
11111110
01101100
11111110
01101100
01101100
00000000
\$
00110000
01111100
11000000
01111000
00001100
11111000
00110000
00000000
\%
00000000
11000110
11001100
00011000
00110000
01100110
11000110
00000000
\&
00111000
01101100
00111000
01110110
11011100
11001100
01110110
00000000
\'
01100000
01100000
11000000
00000000
00000000
00000000
00000000
00000000
\(
00011000
00110000
01100000
01100000
01100000
00110000
00011000
00000000
\)
01100000
00110000
00011000
00011000
00011000
00110000
01100000
00000000
\*
00000000
01100110
00111100
11111111
00111100
01100110
00000000
00000000
\+
00000000
00110000
00110000
11111100
00110000
00110000
00000000
00000000
\,
00000000
00000000
00000000
00000000
00000000
00110000
00110000
01100000
\-
00000000
00000000
00000000
11111100
00000000
00000000
00000000
00000000
\.
00000000
00000000
00000000
00000000
00000000
00110000
00110000
00000000
\/
00000110
00001100
00011000
00110000
01100000
11000000
10000000
00000000
\0
01111100
11000110
11001110
11011110
11110110
11100110
01111100
00000000
\1
00110000
01110000
00110000
00110000
00110000
00110000
11111100
00000000
\2
01111000
11001100
00001100
00111000
01100000
11001100
11111100
00000000
\3
01111000
11001100
00001100
00111000
00001100
11001100
01111000
00000000
\4
00011100
00111100
01101100
11001100
11111110
00001100
00011110
00000000
\5
11111100
11000000
11111000
00001100
00001100
11001100
01111000
00000000
\6
00111000
01100000
11000000
11111000
11001100
11001100
01111000
00000000
\7
11111100
11001100
00001100
00011000
00110000
00110000
00110000
00000000
\8
01111000
11001100
11001100
01111000
11001100
11001100
01111000
00000000
\9
01111000
11001100
11001100
01111100
00001100
00011000
01110000
00000000
\:
00000000
00110000
00110000
00000000
00000000
00110000
00110000
00000000
\;
00000000
00110000
00110000
00000000
00000000
00110000
00110000
01100000
\<
00011000
00110000
01100000
11000000
01100000
00110000
00011000
00000000
\=
00000000
00000000
11111100
00000000
00000000
11111100
00000000
00000000
\>
01100000
00110000
00011000
00001100
00011000
00110000
01100000
00000000
\?
01111000
11001100
00001100
00011000
00110000
00000000
00110000
00000000
\@
01111100
11000110
11011110
11011110
11011110
11000000
01111000
00000000
\A
00110000
01111000
11001100
11001100
11111100
11001100
11001100
00000000
\B
11111100
01100110
01100110
01111100
01100110
01100110
11111100
00000000
\C
00111100
01100110
11000000
11000000
11000000
01100110
00111100
00000000
\D
11111000
01101100
01100110
01100110
01100110
01101100
11111000
00000000
\E
11111110
01100010
01101000
01111000
01101000
01100010
11111110
00000000
\F
11111110
01100010
01101000
01111000
01101000
01100000
11110000
00000000
\G
00111100
01100110
11000000
11000000
11001110
01100110
00111110
00000000
\H
11001100
11001100
11001100
11111100
11001100
11001100
11001100
00000000
\I
01111000
00110000
00110000
00110000
00110000
00110000
01111000
00000000
\J
00011110
00001100
00001100
00001100
11001100
11001100
01111000
00000000
\K
11100110
01100110
01101100
01111000
01101100
01100110
11100110
00000000
\L
11110000
01100000
01100000
01100000
01100010
01100110
11111110
00000000
\M
11000110
11101110
11111110
11111110
11010110
11000110
11000110
00000000
\N
11000110
11100110
11110110
11011110
11001110
11000110
11000110
00000000
\O
00111000
01101100
11000110
11000110
11000110
01101100
00111000
00000000
\P
11111100
01100110
01100110
01111100
01100000
01100000
11110000
00000000
\Q
01111000
11001100
11001100
11001100
11011100
01111000
00011100
00000000
\R
11111100
01100110
01100110
01111100
01101100
01100110
11100110
00000000
\S
01111000
11001100
11100000
01110000
00011100
11001100
01111000
00000000
\T
11111100
10110100
00110000
00110000
00110000
00110000
01111000
00000000
\U
11001100
11001100
11001100
11001100
11001100
11001100
11111100
00000000
\V
11001100
11001100
11001100
11001100
11001100
01111000
00110000
00000000
\W
11000110
11000110
11000110
11010110
11111110
11101110
11000110
00000000
\X
11000110
11000110
01101100
00111000
00111000
01101100
11000110
00000000
\Y
11001100
11001100
11001100
01111000
00110000
00110000
01111000
00000000
\Z
11111110
11000110
10001100
00011000
00110010
01100110
11111110
00000000
\[
01111000
01100000
01100000
01100000
01100000
01100000
01111000
00000000
\]
01111000
00011000
00011000
00011000
00011000
00011000
01111000
00000000
\^
00010000
00111000
01101100
11000110
00000000
00000000
00000000
00000000
\_
00000000
00000000
00000000
00000000
00000000
00000000
00000000
11111111
\`
00110000
00110000
00011000
00000000
00000000
00000000
00000000
00000000
\a
00000000
00000000
01111000
00001100
01111100
11001100
01110110
00000000
\b
11100000
01100000
01100000
01111100
01100110
01100110
11011100
00000000
\c
00000000
00000000
01111000
11001100
11000000
11001100
01111000
00000000
\d
00011100
00001100
00001100
01111100
11001100
11001100
01110110
00000000
\e
00000000
00000000
01111000
11001100
11111100
11000000
01111000
00000000
\f
00111000
01101100
01100000
11110000
01100000
01100000
11110000
00000000
\g
00000000
00000000
01110110
11001100
11001100
01111100
00001100
11111000
\h
11100000
01100000
01101100
01110110
01100110
01100110
11100110
00000000
\i
00110000
00000000
01110000
00110000
00110000
00110000
01111000
00000000
\j
00001100
00000000
00001100
00001100
00001100
11001100
11001100
01111000
\k
11100000
01100000
01100110
01101100
01111000
01101100
11100110
00000000
\l
01110000
00110000
00110000
00110000
00110000
00110000
01111000
00000000
\m
00000000
00000000
11001100
11111110
11111110
11010110
11000110
00000000
\n
00000000
00000000
11111000
11001100
11001100
11001100
11001100
00000000
\o
00000000
00000000
01111000
11001100
11001100
11001100
01111000
00000000
\p
00000000
00000000
11011100
01100110
01100110
01111100
01100000
11110000
\q
00000000
00000000
01110110
11001100
11001100
01111100
00001100
00011110
\r
00000000
00000000
11011100
01110110
01100110
01100000
11110000
00000000
\s
00000000
00000000
01111100
11000000
01111000
00001100
11111000
00000000
\t
00010000
00110000
01111100
00110000
00110000
00110100
00011000
00000000
\u
00000000
00000000
11001100
11001100
11001100
11001100
01110110
00000000
\v
00000000
00000000
11001100
11001100
11001100
01111000
00110000
00000000
\w
00000000
00000000
11000110
11010110
11111110
11111110
01101100
00000000
\x
00000000
00000000
11000110
01101100
00111000
01101100
11000110
00000000
\y
00000000
00000000
11001100
11001100
11001100
01111100
00001100
11111000
\z
00000000
00000000
11111100
10011000
00110000
01100100
11111100
00000000
\{
00011100
00110000
00110000
11100000
00110000
00110000
00011100
00000000
\|
00011000
00011000
00011000
00000000
00011000
00011000
00011000
00000000
\}
11100000
00110000
00110000
00011100
00110000
00110000
11100000
00000000
\~
01110110
11011100
00000000
00000000
00000000
00000000
00000000
00000000
